-233.01764030291503 -232.71322882167533 -240.51349710044448
-226.76850397927197 -229.8057784863153 -244.35143104303404
-223.72952226961678 -224.61345400315608 -240.49552248905712
-217.53157134108824 -221.71322503972584 -237.80779077395755
-200.3924454562559 -197.70917618869595 -226.64150660238073
-139.45051124609128 -157.90139451108234 -152.62149187552782
-96.29736250847351 -91.69425942727337 -106.45218180745066
-33.30053398186858 -28.165178044070476 -60.54862959652341
-35.93965472846574 -35.56272585460951 -51.82467011711084
-6.497430815928047 -13.713550167825177 -21.292170442023163
-1.7445387328289037 -0.7000000000000001 0.0
0.0 0.0 0.0
0.0 0.0 -31.332983694156837
0.0 0.0 0.0
-30.778801696846315 -15.611675896851848 -71.22640264322014
-18.45382232105253 -15.854189013950457 -46.411713172364315
-22.501036652008068 -24.657709478018216 -82.17956008679629
-110.00644255907639 -111.42850829062795 -174.21796064357451
-94.27125799471497 -78.1738980827319 -118.5612221230777
-97.74062829257545 -101.57374450745439 -145.7403719852666
-124.8617498378474 -125.30937086894907 -135.97564763350877
-66.46730065014516 -68.97766493239016 -75.36494944596795
-32.49829724136526 -37.9275129705986 -63.584895848441455
-17.901249108543666 -25.20494294739143 -34.44841977098325
-0.41205 0.0 -67.18528899506663
0.0 0.0 0.0
0.0 0.0 0.0
0.0 0.0 0.0
0.0 0.0 0.0
0.0 0.0 0.0
0.0 0.0 0.0
0.0 0.0 0.0
0.0 0.0 0.0
0.0 0.0 0.0
0.0 0.0 0.0
0.0 0.0 0.0
0.0 0.0 0.0
0.0 0.0 0.0
0.0 0.0 0.0
0.0 0.0 0.0
0.0 0.0 0.0
0.0 0.0 0.0
0.0 0.0 0.0
0.0 0.0 0.0
0.0 0.0 0.0
0.0 0.0 0.0
0.0 0.0 0.0
0.0 0.0 0.0
0.0 0.0 0.0
0.0 0.0 0.0
0.0 0.0 0.0
0.0 0.0 0.0
0.0 0.0 0.0
0.0 0.0 0.0
0.0 0.0 0.0
0.0 0.0 0.0
0.0 0.0 0.0
0.0 0.0 0.0
0.0 0.0 0.0
0.0 0.0 0.0
0.0 0.0 0.0
0.0 0.0 0.0
0.0 0.0 0.0
0.0 0.0 0.0
0.0 0.0 0.0
0.0 0.0 0.0
0.0 0.0 0.0
0.0 0.0 0.0
0.0 0.0 0.0
0.0 0.0 0.0
0.0 0.0 0.0
0.0 0.0 0.0
0.0 0.0 0.0
0.0 0.0 0.0
0.0 0.0 0.0
0.0 0.0 0.0
0.0 0.0 0.0
0.0 0.0 0.0
0.0 0.0 0.0
0.0 0.0 0.0
0.0 0.0 0.0
0.0 0.0 0.0
0.0 0.0 0.0
0.0 0.0 0.0
0.0 0.0 0.0
0.0 0.0 0.0
0.0 0.0 0.0
0.0 0.0 0.0
0.0 0.0 0.0
0.0 0.0 0.0
0.0 0.0 0.0
0.0 0.0 0.0
0.0 0.0 0.0
0.0 0.0 0.0
0.0 0.0 0.0
0.0 0.0 0.0